2.930000e+02
2.887820e+02
2.878689e+02
2.874552e+02
2.872089e+02
2.870416e+02
2.869187e+02
2.868235e+02
2.894603e+02
2.925531e+02
2.956155e+02
2.983821e+02
3.006629e+02
3.023166e+02
3.032448e+02
3.033906e+02
3.027379e+02
3.013105e+02
2.991707e+02
2.964154e+02
2.931727e+02
2.895961e+02
2.885746e+02
2.880401e+02
2.876978e+02
2.874561e+02
2.872748e+02
2.871332e+02
2.870192e+02
2.869252e+02
2.868463e+02
2.867790e+02
2.894341e+02
2.925393e+02
2.956102e+02
2.983826e+02
3.006674e+02
3.023240e+02
3.032542e+02
3.034013e+02
3.027495e+02
3.013227e+02
2.991833e+02
2.964282e+02
2.931855e+02
2.896089e+02
2.885873e+02
2.880526e+02
2.877101e+02
2.874682e+02
2.872866e+02
2.871448e+02
2.870305e+02
2.869362e+02
2.868570e+02
2.867894e+02
2.894442e+02
2.925491e+02
2.956197e+02
2.983918e+02
3.006763e+02
3.023326e+02
3.032625e+02
3.034094e+02
3.027574e+02
3.013304e+02
2.991908e+02
2.964355e+02
2.931927e+02
2.896159e+02
2.885942e+02
2.880593e+02
2.877167e+02
2.874745e+02
2.872929e+02
2.871509e+02
2.870364e+02
2.869420e+02
2.868627e+02
2.867949e+02
2.894496e+02
2.925544e+02
2.956248e+02
2.983968e+02
3.006812e+02
3.023374e+02
3.032672e+02
3.034140e+02
3.027618e+02
3.013348e+02
2.991951e+02
2.964398e+02
2.931968e+02
2.896200e+02
2.885982e+02
2.880633e+02
2.877206e+02
2.874784e+02
2.872966e+02
2.871545e+02
2.870400e+02
