#Trial no.[20]
3.63296e-01 1.29493e+01 1.65216e+00 5.37203e-01 2.90265e+02 2.36830e+06
1.96249e-01 1.36545e+01 1.25642e+00 1.03967e+00 2.93021e+02 2.48913e+06
#Trial no.[21]
2.18676e-01 8.84665e+00 1.96287e+00 6.70270e-01 2.95117e+02 2.04509e+06
1.93793e-01 1.03824e+01 7.50859e-01 1.20334e+00 2.93032e+02 2.64431e+06
#Trial no.[22]
1.28420e-01 1.21151e+01 4.36066e+00 6.20766e-01 2.96681e+02 2.22430e+06
1.86841e-01 1.46565e+01 1.68932e+00 1.65996e+00 2.93065e+02 2.95300e+06
#Trial no.[23]
3.20536e-01 1.72688e+01 4.88130e+00 6.23067e-01 3.02671e+02 2.40876e+06
1.90878e-01 1.87156e+01 3.67399e+00 1.40129e+00 2.93054e+02 2.79657e+06
#Trial no.[24]
7.28777e-02 8.94442e+00 4.28204e+00 5.08559e-01 2.93269e+02 2.24838e+06
1.88611e-01 1.17937e+01 1.00254e+00 1.53369e+00 2.93058e+02 2.88266e+06
#Trial no.[25]
6.44333e-02 6.16994e+00 2.29362e+00 4.75869e-01 3.00014e+02 2.38710e+06
1.87653e-01 8.24630e+00 5.43039e-01 1.61119e+00 2.93062e+02 2.92505e+06
#Trial no.[26]
4.15351e-01 6.63118e+00 2.27433e+00 6.02603e-01 2.95248e+02 2.14863e+06
1.85146e-01 8.38403e+00 5.68773e-01 1.77106e+00 2.93073e+02 3.00693e+06
#Trial no.[27]
7.30963e-02 6.02422e+00 2.39792e+00 6.97155e-01 2.93547e+02 2.25323e+06
1.87785e-01 8.00101e+00 5.17594e-01 1.59094e+00 2.93057e+02 2.91396e+06
#Trial no.[28]
7.24869e-02 1.19938e+01 4.72869e+00 6.94755e-01 3.02370e+02 2.14803e+06
1.77470e-01 1.45096e+01 1.89188e+00 2.31343e+00 2.93109e+02 3.19680e+06
#Trial no.[29]
7.19463e-02 1.72452e+01 2.49036e+00 5.01664e-01 3.01698e+02 2.13840e+06
1.96460e-01 1.76853e+01 2.58046e+00 1.03064e+00 2.93020e+02 2.47932e+06
