#Trial no.[10]
3.76806e-01 1.55162e+01 1.41721e+00 6.14174e-01 3.00068e+02 2.32553e+06
2.00015e-01 1.57562e+01 1.70411e+00 7.99830e-01 2.93000e+02 2.19959e+06
#Trial no.[11]
2.83591e-01 1.42378e+01 4.14585e+00 5.74533e-01 2.91491e+02 2.49005e+06
1.99998e-01 1.60927e+01 1.80612e+00 7.99539e-01 2.92999e+02 2.19860e+06
#Trial no.[12]
3.63427e-01 1.87141e+01 4.70797e+00 4.91519e-01 2.97794e+02 2.47059e+06
1.99981e-01 1.98930e+01 3.89457e+00 8.00188e-01 2.92999e+02 2.19993e+06
#Trial no.[13]
2.95698e-01 7.80796e+00 6.53103e-01 4.70408e-01 3.01442e+02 2.47212e+06
2.00037e-01 8.36688e+00 5.03019e-01 7.99623e-01 2.93000e+02 2.19957e+06
#Trial no.[14]
3.17114e-01 1.12365e+01 2.37974e+00 5.37270e-01 2.99000e+02 2.13556e+06
1.99994e-01 1.27913e+01 1.04734e+00 7.99813e-01 2.92997e+02 2.19893e+06
#Trial no.[15]
3.57483e-01 1.62928e+01 4.36071e+00 5.27965e-01 2.90067e+02 2.34348e+06
1.99956e-01 1.79181e+01 2.52994e+00 8.00311e-01 2.93000e+02 2.20012e+06
#Trial no.[16]
3.87346e-01 1.40698e+01 9.94811e-01 7.46180e-01 3.02615e+02 2.10604e+06
2.00016e-01 1.43523e+01 1.34843e+00 8.00263e-01 2.93000e+02 2.20051e+06
#Trial no.[17]
1.76894e-01 1.06124e+01 6.06654e-01 5.07726e-01 2.91605e+02 2.24551e+06
2.00003e-01 1.06925e+01 7.47255e-01 7.99880e-01 2.93000e+02 2.19989e+06
#Trial no.[18]
2.62603e-01 1.36261e+01 1.82856e+00 7.84716e-01 2.92544e+02 2.39834e+06
1.99966e-01 1.43288e+01 1.34273e+00 8.00024e-01 2.93000e+02 2.20012e+06
#Trial no.[19]
4.29192e-01 6.17538e+00 2.19001e+00 6.74134e-01 2.97448e+02 2.26128e+06
1.96745e-01 7.82443e+00 4.62693e-01 8.41619e-01 2.92983e+02 2.29590e+06
