#Trial no.[0]
2.73315e-01 1.65233e+01 8.98148e-01 6.79246e-01 2.93996e+02 2.06602e+06
1.98843e-01 1.57952e+01 1.74413e+00 8.75917e-01 2.93005e+02 2.30061e+06
#Trial no.[1]
2.70542e-01 1.84467e+01 2.55033e+00 6.02567e-01 2.94536e+02 2.31615e+06
1.98584e-01 1.83240e+01 2.82434e+00 8.95596e-01 2.93009e+02 2.32559e+06
#Trial no.[2]
6.00466e-02 7.53288e+00 1.82250e+00 7.34004e-01 2.99070e+02 2.25926e+06
1.89404e-01 9.10973e+00 6.25801e-01 1.48618e+00 2.93050e+02 2.85299e+06
#Trial no.[3]
1.22463e-01 9.23403e+00 3.56724e+00 7.58471e-01 2.95162e+02 2.45760e+06
1.77635e-01 1.15700e+01 1.08767e+00 2.29118e+00 2.93104e+02 3.19395e+06
#Trial no.[4]
2.38734e-01 1.32936e+01 4.78732e+00 5.93228e-01 2.92408e+02 2.01808e+06
1.93609e-01 1.58262e+01 1.89531e+00 1.21585e+00 2.93034e+02 2.65438e+06
#Trial no.[5]
1.87295e-01 1.89800e+01 1.29160e+00 4.80467e-01 2.91959e+02 2.13492e+06
1.99629e-01 1.77249e+01 2.45485e+00 8.27012e-01 2.93003e+02 2.23676e+06
#Trial no.[6]
1.43658e-01 1.89470e+01 3.75399e+00 5.50407e-01 2.96842e+02 2.37117e+06
1.96138e-01 1.92854e+01 3.69322e+00 1.04884e+00 2.93020e+02 2.49859e+06
#Trial no.[7]
3.13067e-01 5.49729e+00 1.12423e+00 7.31743e-01 3.00601e+02 2.12112e+06
1.87676e-01 6.72885e+00 4.03787e-01 1.62175e+00 2.93087e+02 2.93172e+06
#Trial no.[8]
1.75214e-01 1.22294e+01 4.18901e+00 6.57290e-01 2.99080e+02 2.49853e+06
1.69586e-01 1.43245e+01 2.09492e+00 2.93555e+00 2.93146e+02 3.31553e+06
#Trial no.[9]
4.25859e-01 8.08398e+00 3.16927e+00 5.49764e-01 2.91995e+02 2.05617e+06
1.85715e-01 1.00172e+01 7.61769e-01 1.74127e+00 2.93078e+02 2.99203e+06
