#Trial no.[40]
3.49293e-01 1.81267e+01 2.02569e+00 4.75430e-01 2.99846e+02 2.25040e+06
1.96419e-01 1.78528e+01 2.67576e+00 1.04070e+00 2.93023e+02 2.48939e+06
#Trial no.[41]
4.37671e-01 6.29808e+00 2.78101e+00 6.56808e-01 2.93077e+02 2.20750e+06
1.55106e-01 7.94912e+00 6.86141e-01 3.81043e+00 2.93169e+02 3.48624e+06
#Trial no.[42]
4.61057e-01 1.03076e+01 1.41419e+00 7.09480e-01 2.90058e+02 2.15754e+06
1.91463e-01 1.11960e+01 8.81316e-01 1.35733e+00 2.93045e+02 2.76621e+06
#Trial no.[43]
1.66941e-01 7.49495e+00 1.45377e+00 7.61641e-01 2.99942e+02 2.39374e+06
1.84223e-01 8.79724e+00 6.24805e-01 1.86947e+00 2.93107e+02 3.05372e+06
#Trial no.[44]
3.56613e-01 9.99530e+00 2.12124e+00 6.79862e-01 3.01843e+02 2.32386e+06
1.84827e-01 1.16675e+01 1.01975e+00 1.78856e+00 2.93069e+02 3.01766e+06
#Trial no.[45]
1.68542e-01 8.97442e+00 6.22695e-01 4.87890e-01 2.92852e+02 2.30401e+06
1.99135e-01 9.27968e+00 5.94423e-01 8.55438e-01 2.93005e+02 2.27459e+06
#Trial no.[46]
4.72297e-01 7.62942e+00 2.49404e+00 5.23975e-01 2.96707e+02 2.32162e+06
1.83404e-01 9.33110e+00 6.86968e-01 1.89270e+00 2.93080e+02 3.05909e+06
#Trial no.[47]
9.31276e-02 1.84781e+01 3.11639e+00 6.83602e-01 2.94321e+02 2.45741e+06
1.95582e-01 1.86171e+01 3.20468e+00 1.08837e+00 2.93024e+02 2.53908e+06
#Trial no.[48]
2.23548e-01 1.21665e+01 1.37965e+00 6.31596e-01 2.98555e+02 2.33455e+06
1.96133e-01 1.29289e+01 1.11728e+00 1.05357e+00 2.93021e+02 2.50329e+06
#Trial no.[49]
2.24397e-01 7.87678e+00 4.30598e+00 5.79518e-01 2.99163e+02 2.06389e+06
1.88340e-01 1.08327e+01 8.52210e-01 1.54170e+00 2.93055e+02 2.88829e+06
