#Trial no.[10]
3.76806e-01 1.55162e+01 1.41721e+00 6.14174e-01 3.00068e+02 2.32553e+06
1.94320e-01 1.56445e+01 1.81220e+00 1.16569e+00 2.93027e+02 2.61065e+06
#Trial no.[11]
2.83591e-01 1.42378e+01 4.14585e+00 5.74533e-01 2.91491e+02 2.49005e+06
1.90178e-01 1.61566e+01 2.12593e+00 1.43482e+00 2.93050e+02 2.81892e+06
#Trial no.[12]
3.63427e-01 1.87141e+01 4.70797e+00 4.91519e-01 2.97794e+02 2.47059e+06
1.95411e-01 1.95535e+01 4.02995e+00 1.09989e+00 2.93024e+02 2.54919e+06
#Trial no.[13]
2.95698e-01 7.80796e+00 6.53103e-01 4.70408e-01 3.01442e+02 2.47212e+06
1.96008e-01 8.44443e+00 5.25998e-01 1.05556e+00 2.93019e+02 2.50540e+06
#Trial no.[14]
3.17114e-01 1.12365e+01 2.37974e+00 5.37270e-01 2.99000e+02 2.13556e+06
1.91330e-01 1.28945e+01 1.17149e+00 1.36016e+00 2.93046e+02 2.76829e+06
#Trial no.[15]
3.57483e-01 1.62928e+01 4.36071e+00 5.27965e-01 2.90067e+02 2.34348e+06
1.94199e-01 1.78208e+01 2.76857e+00 1.17453e+00 2.93031e+02 2.61904e+06
#Trial no.[16]
3.87346e-01 1.40698e+01 9.94811e-01 7.46180e-01 3.02615e+02 2.10604e+06
1.93931e-01 1.42965e+01 1.44106e+00 1.19722e+00 2.93032e+02 2.63792e+06
#Trial no.[17]
1.76894e-01 1.06124e+01 6.06654e-01 5.07726e-01 2.91605e+02 2.24551e+06
1.99626e-01 1.07483e+01 7.56667e-01 8.23527e-01 2.93002e+02 2.23233e+06
#Trial no.[18]
2.62603e-01 1.36261e+01 1.82856e+00 7.84716e-01 2.92544e+02 2.39834e+06
1.94812e-01 1.42756e+01 1.41982e+00 1.13847e+00 2.93027e+02 2.58604e+06
#Trial no.[19]
4.29192e-01 6.17538e+00 2.19001e+00 6.74134e-01 2.97448e+02 2.26128e+06
1.62644e-01 7.76739e+00 6.19185e-01 3.49848e+00 2.93169e+02 3.37056e+06
