#Trial no.[30]
2.99144e-01 1.09297e+01 4.35675e+00 6.93271e-01 2.99623e+02 2.31979e+06
1.66031e-01 1.33365e+01 1.79413e+00 3.19865e+00 2.93153e+02 3.34804e+06
#Trial no.[31]
2.20893e-01 1.09227e+01 8.95817e-01 7.47897e-01 3.01661e+02 2.38546e+06
1.93201e-01 1.15206e+01 9.12900e-01 1.23945e+00 2.93035e+02 2.67555e+06
#Trial no.[32]
1.16290e-01 1.28345e+01 1.16390e+00 6.91388e-01 2.92712e+02 2.11238e+06
1.98811e-01 1.31250e+01 1.11934e+00 8.76091e-01 2.93006e+02 2.30114e+06
#Trial no.[33]
1.40920e-01 1.23364e+01 2.84465e+00 5.21725e-01 2.91587e+02 2.41116e+06
1.94492e-01 1.41050e+01 1.38417e+00 1.15691e+00 2.93030e+02 2.60255e+06
#Trial no.[34]
1.44351e-01 1.77495e+01 1.94120e+00 6.55893e-01 2.98850e+02 2.46087e+06
1.94683e-01 1.75086e+01 2.57258e+00 1.14610e+00 2.93027e+02 2.59350e+06
#Trial no.[35]
2.73325e-01 1.10174e+01 3.03230e+00 6.56053e-01 2.96454e+02 2.19291e+06
1.86421e-01 1.30071e+01 1.26602e+00 1.68896e+00 2.93067e+02 2.96653e+06
#Trial no.[36]
9.90039e-02 8.56901e+00 4.56686e+00 7.98224e-01 2.96033e+02 2.04711e+06
1.83334e-01 1.14263e+01 9.96886e-01 1.90443e+00 2.93084e+02 3.06181e+06
#Trial no.[37]
3.56278e-01 1.27123e+01 8.00128e-01 5.88162e-01 2.91870e+02 2.37384e+06
1.97542e-01 1.27621e+01 1.07024e+00 9.58827e-01 2.93014e+02 2.40092e+06
#Trial no.[38]
1.99509e-01 1.13893e+01 2.77461e+00 7.82789e-01 2.97311e+02 2.45620e+06
1.77977e-01 1.30761e+01 1.42487e+00 2.26143e+00 2.93104e+02 3.18716e+06
#Trial no.[39]
4.12635e-01 7.75840e+00 3.75913e+00 6.83530e-01 2.93745e+02 2.07328e+06
1.86351e-01 9.99591e+00 7.54044e-01 1.70139e+00 2.93072e+02 2.97327e+06
