#Trial no.[30]
2.99144e-01 1.09297e+01 4.35675e+00 6.93271e-01 2.99623e+02 2.31979e+06
1.99824e-01 1.32931e+01 1.13686e+00 8.01742e-01 2.93001e+02 2.20509e+06
#Trial no.[31]
2.20893e-01 1.09227e+01 8.95817e-01 7.47897e-01 3.01661e+02 2.38546e+06
2.00005e-01 1.13539e+01 8.32118e-01 7.99937e-01 2.93002e+02 2.20017e+06
#Trial no.[32]
1.16290e-01 1.28345e+01 1.16390e+00 6.91388e-01 2.92712e+02 2.11238e+06
2.00002e-01 1.31410e+01 1.10805e+00 8.00035e-01 2.93000e+02 2.20000e+06
#Trial no.[33]
1.40920e-01 1.23364e+01 2.84465e+00 5.21725e-01 2.91587e+02 2.41116e+06
2.00011e-01 1.38218e+01 1.23593e+00 7.99164e-01 2.92997e+02 2.19900e+06
#Trial no.[34]
1.44351e-01 1.77495e+01 1.94120e+00 6.55893e-01 2.98850e+02 2.46087e+06
1.99990e-01 1.76899e+01 2.42015e+00 7.99905e-01 2.93001e+02 2.19986e+06
#Trial no.[35]
2.73325e-01 1.10174e+01 3.03230e+00 6.56053e-01 2.96454e+02 2.19291e+06
1.99950e-01 1.28412e+01 1.05657e+00 8.00792e-01 2.92999e+02 2.20185e+06
#Trial no.[36]
9.90039e-02 8.56901e+00 4.56686e+00 7.98224e-01 2.96033e+02 2.04711e+06
1.95439e-01 1.10445e+01 8.14373e-01 8.60907e-01 2.92987e+02 2.34061e+06
#Trial no.[37]
3.56278e-01 1.27123e+01 8.00128e-01 5.88162e-01 2.91870e+02 2.37384e+06
2.00042e-01 1.27100e+01 1.03409e+00 8.00019e-01 2.93000e+02 2.20006e+06
#Trial no.[38]
1.99509e-01 1.13893e+01 2.77461e+00 7.82789e-01 2.97311e+02 2.45620e+06
1.99934e-01 1.30308e+01 1.08858e+00 8.00282e-01 2.92997e+02 2.20060e+06
#Trial no.[39]
4.12635e-01 7.75840e+00 3.75913e+00 6.83530e-01 2.93745e+02 2.07328e+06
1.93125e-01 9.78740e+00 6.67895e-01 8.72816e-01 2.92958e+02 2.41865e+06
