#Trial no.[40]
3.49293e-01 1.81267e+01 2.02569e+00 4.75430e-01 2.99846e+02 2.25040e+06
1.99975e-01 1.79716e+01 2.55708e+00 8.00066e-01 2.93001e+02 2.20054e+06
#Trial no.[41]
4.37671e-01 6.29808e+00 2.78101e+00 6.56808e-01 2.93077e+02 2.20750e+06
1.89080e-01 8.02065e+00 4.98229e-01 9.13151e-01 2.92944e+02 2.55688e+06
#Trial no.[42]
4.61057e-01 1.03076e+01 1.41419e+00 7.09480e-01 2.90058e+02 2.15754e+06
1.99874e-01 1.14829e+01 8.49466e-01 8.00595e-01 2.93001e+02 2.20124e+06
#Trial no.[43]
1.66941e-01 7.49495e+00 1.45377e+00 7.61641e-01 2.99942e+02 2.39374e+06
1.99935e-01 8.77183e+00 5.40660e-01 8.01172e-01 2.92997e+02 2.20138e+06
#Trial no.[44]
3.56613e-01 9.99530e+00 2.12124e+00 6.79862e-01 3.01843e+02 2.32386e+06
2.00015e-01 1.14875e+01 8.50288e-01 8.00515e-01 2.93004e+02 2.20022e+06
#Trial no.[45]
1.68542e-01 8.97442e+00 6.22695e-01 4.87890e-01 2.92852e+02 2.30401e+06
1.99986e-01 9.25188e+00 5.87508e-01 7.99864e-01 2.93000e+02 2.19989e+06
#Trial no.[46]
4.72297e-01 7.62942e+00 2.49404e+00 5.23975e-01 2.96707e+02 2.32162e+06
2.00063e-01 9.24097e+00 5.86036e-01 7.99998e-01 2.92999e+02 2.19876e+06
#Trial no.[47]
9.31276e-02 1.84781e+01 3.11639e+00 6.83602e-01 2.94321e+02 2.45741e+06
2.00038e-01 1.86907e+01 2.96251e+00 8.00090e-01 2.93000e+02 2.20000e+06
#Trial no.[48]
2.23548e-01 1.21665e+01 1.37965e+00 6.31596e-01 2.98555e+02 2.33455e+06
2.00016e-01 1.28285e+01 1.05402e+00 7.99865e-01 2.93002e+02 2.20000e+06
#Trial no.[49]
2.24397e-01 7.87678e+00 4.30598e+00 5.79518e-01 2.99163e+02 2.06389e+06
1.93879e-01 1.03199e+01 7.28093e-01 8.61710e-01 2.92966e+02 2.40102e+06
