#Trial no.[0]
2.73315e-01 1.65233e+01 8.98148e-01 6.79246e-01 2.93996e+02 2.06602e+06
2.00016e-01 1.58577e+01 1.73443e+00 7.99978e-01 2.92999e+02 2.19962e+06
#Trial no.[1]
2.70542e-01 1.84467e+01 2.55033e+00 6.02567e-01 2.94536e+02 2.31615e+06
2.00004e-01 1.83660e+01 2.76852e+00 7.99879e-01 2.93000e+02 2.20005e+06
#Trial no.[2]
6.00466e-02 7.53288e+00 1.82250e+00 7.34004e-01 2.99070e+02 2.25926e+06
2.00188e-01 9.05391e+00 5.67624e-01 7.99059e-01 2.93000e+02 2.19662e+06
#Trial no.[3]
1.22463e-01 9.23403e+00 3.56724e+00 7.58471e-01 2.95162e+02 2.45760e+06
2.00361e-01 1.13815e+01 8.34530e-01 7.96943e-01 2.93006e+02 2.18922e+06
#Trial no.[4]
2.38734e-01 1.32936e+01 4.78732e+00 5.93228e-01 2.92408e+02 2.01808e+06
1.99938e-01 1.55245e+01 1.64108e+00 8.01367e-01 2.93001e+02 2.20361e+06
#Trial no.[5]
1.87295e-01 1.89800e+01 1.29160e+00 4.80467e-01 2.91959e+02 2.13492e+06
1.99995e-01 1.78489e+01 2.49565e+00 7.99778e-01 2.93001e+02 2.19954e+06
#Trial no.[6]
1.43658e-01 1.89470e+01 3.75399e+00 5.50407e-01 2.96842e+02 2.37117e+06
2.00038e-01 1.94928e+01 3.53989e+00 7.99840e-01 2.93001e+02 2.19986e+06
#Trial no.[7]
3.13067e-01 5.49729e+00 1.12423e+00 7.31743e-01 3.00601e+02 2.12112e+06
2.00133e-01 6.80980e+00 3.73941e-01 7.98352e-01 2.93000e+02 2.19313e+06
#Trial no.[8]
1.75214e-01 1.22294e+01 4.18901e+00 6.57290e-01 2.99080e+02 2.49853e+06
2.00040e-01 1.44353e+01 1.36522e+00 7.98310e-01 2.93000e+02 2.19793e+06
#Trial no.[9]
4.25859e-01 8.08398e+00 3.16927e+00 5.49764e-01 2.91995e+02 2.05617e+06
1.95792e-01 9.89603e+00 6.70722e-01 8.53836e-01 2.92974e+02 2.32719e+06
