#Trial no.[20]
3.63296e-01 1.29493e+01 1.65216e+00 5.37203e-01 2.90265e+02 2.36830e+06
1.99970e-01 1.38130e+01 1.23446e+00 7.99950e-01 2.93000e+02 2.19971e+06
#Trial no.[21]
2.18676e-01 8.84665e+00 1.96287e+00 6.70270e-01 2.95117e+02 2.04509e+06
1.99965e-01 1.02597e+01 6.96094e-01 8.00271e-01 2.93000e+02 2.20007e+06
#Trial no.[22]
1.28420e-01 1.21151e+01 4.36066e+00 6.20766e-01 2.96681e+02 2.22430e+06
1.99862e-01 1.43359e+01 1.34618e+00 8.01723e-01 2.93002e+02 2.20421e+06
#Trial no.[23]
3.20536e-01 1.72688e+01 4.88130e+00 6.23067e-01 3.02671e+02 2.40876e+06
1.99995e-01 1.92392e+01 3.33914e+00 8.00026e-01 2.92999e+02 2.20051e+06
#Trial no.[24]
7.28777e-02 8.94442e+00 4.28204e+00 5.08559e-01 2.93269e+02 2.24838e+06
1.95944e-01 1.12854e+01 8.44055e-01 8.47592e-01 2.92984e+02 2.33170e+06
#Trial no.[25]
6.44333e-02 6.16994e+00 2.29362e+00 4.75869e-01 3.00014e+02 2.38710e+06
1.91683e-01 7.93469e+00 4.85538e-01 9.28868e-01 2.92970e+02 2.44373e+06
#Trial no.[26]
4.15351e-01 6.63118e+00 2.27433e+00 6.02603e-01 2.95248e+02 2.14863e+06
1.95994e-01 8.27586e+00 5.04809e-01 8.49578e-01 2.92982e+02 2.32015e+06
#Trial no.[27]
7.30963e-02 6.02422e+00 2.39792e+00 6.97155e-01 2.93547e+02 2.25323e+06
1.91807e-01 7.80593e+00 4.73183e-01 8.92028e-01 2.92966e+02 2.46921e+06
#Trial no.[28]
7.24869e-02 1.19938e+01 4.72869e+00 6.94755e-01 3.02370e+02 2.14803e+06
1.99930e-01 1.44382e+01 1.36916e+00 8.01595e-01 2.93000e+02 2.20511e+06
#Trial no.[29]
7.19463e-02 1.72452e+01 2.49036e+00 5.01664e-01 3.01698e+02 2.13840e+06
1.99900e-01 1.76675e+01 2.40895e+00 7.99989e-01 2.92998e+02 2.20045e+06
