2.930000e+02
2.919369e+02
2.909800e+02
2.902846e+02
2.897819e+02
2.894056e+02
2.891132e+02
2.888786e+02
2.893679e+02
2.904680e+02
2.919375e+02
2.935652e+02
2.951783e+02
2.966351e+02
2.978204e+02
2.986447e+02
2.990436e+02
2.989788e+02
2.984377e+02
2.974323e+02
2.959996e+02
2.941993e+02
2.927966e+02
2.917873e+02
2.910490e+02
2.904901e+02
2.900531e+02
2.897021e+02
2.894136e+02
2.891721e+02
2.889669e+02
2.887901e+02
2.893187e+02
2.904459e+02
2.919343e+02
2.935752e+02
2.951976e+02
2.966609e+02
2.978507e+02
2.986780e+02
2.990790e+02
2.990154e+02
2.984748e+02
2.974697e+02
2.960369e+02
2.942363e+02
2.928331e+02
2.918232e+02
2.910842e+02
2.905246e+02
2.900868e+02
2.897349e+02
2.894455e+02
2.892032e+02
2.889971e+02
2.888195e+02
2.893474e+02
2.904737e+02
2.919613e+02
2.936015e+02
2.952231e+02
2.966857e+02
2.978749e+02
2.987015e+02
2.991018e+02
2.990376e+02
2.984965e+02
2.974908e+02
2.960575e+02
2.942564e+02
2.928526e+02
2.918423e+02
2.911028e+02
2.905428e+02
2.901046e+02
2.897522e+02
2.894625e+02
2.892198e+02
2.890133e+02
2.888354e+02
2.893628e+02
2.904888e+02
2.919761e+02
2.936159e+02
2.952373e+02
2.966995e+02
2.978884e+02
2.987147e+02
2.991148e+02
2.990503e+02
2.985089e+02
2.975030e+02
2.960694e+02
2.942681e+02
2.928641e+02
2.918536e+02
2.911139e+02
2.905536e+02
2.901152e+02
2.897627e+02
2.894728e+02
