#Trial no.[0]
1.55886e+01 5.13570e-01 2.04424e+06 2.93996e+02
1.96530e+01 8.15371e-01 2.42806e+06 3.05399e+02
#Trial no.[1]
1.98749e+01 6.20357e-01 2.44822e+06 2.98220e+02
1.96766e+01 8.06084e-01 2.41308e+06 3.05422e+02
#Trial no.[2]
1.46678e+01 5.25723e-01 2.01116e+06 2.93821e+02
1.96579e+01 8.21072e-01 2.43743e+06 3.05401e+02
#Trial no.[3]
1.62887e+01 5.23140e-01 2.40001e+06 2.93669e+02
1.96284e+01 8.36210e-01 2.46534e+06 3.05389e+02
#Trial no.[4]
1.85206e+01 7.58471e-01 2.19855e+06 2.95452e+02
1.96832e+01 8.14778e-01 2.42581e+06 3.05412e+02
#Trial no.[5]
1.60704e+01 5.31126e-01 2.01808e+06 2.94854e+02
1.96591e+01 8.08857e-01 2.41706e+06 3.05404e+02
#Trial no.[6]
1.16167e+01 5.59045e-01 2.08796e+06 2.91959e+02
1.96695e+01 8.13693e-01 2.42573e+06 3.05412e+02
#Trial no.[7]
9.28747e+00 7.08626e-01 2.46490e+06 2.99650e+02
1.98605e+01 8.00066e-01 2.39138e+06 3.05489e+02
#Trial no.[8]
2.09713e+01 4.80940e-01 2.29230e+06 2.91803e+02
1.94859e+01 9.21003e-01 2.61221e+06 3.05323e+02
#Trial no.[9]
1.07041e+01 5.61823e-01 2.39658e+06 2.96265e+02
1.97370e+01 7.84117e-01 2.37566e+06 3.05469e+02
