#Trial no.[30]
1.19220e+01 7.25487e-01 2.19929e+06 3.00014e+02
1.96491e+01 7.88469e-01 2.38387e+06 3.05403e+02
#Trial no.[31]
6.53479e+00 6.00117e-01 2.05437e+06 2.93864e+02
1.97107e+01 8.08891e-01 2.41877e+06 3.05415e+02
#Trial no.[32]
1.58449e+01 4.92533e-01 2.02566e+06 2.95483e+02
1.96631e+01 8.19696e-01 2.43551e+06 3.05407e+02
#Trial no.[33]
1.98874e+01 4.86490e-01 2.34417e+06 2.96061e+02
1.96506e+01 8.19901e-01 2.43573e+06 3.05399e+02
#Trial no.[34]
2.95177e+01 6.94755e-01 2.47575e+06 2.90634e+02
1.94628e+01 9.26961e-01 2.62641e+06 3.05310e+02
#Trial no.[35]
2.41700e+01 7.66943e-01 2.13840e+06 2.91247e+02
1.95606e+01 8.72038e-01 2.53221e+06 3.05361e+02
#Trial no.[36]
1.91430e+01 6.81059e-01 2.42853e+06 2.99623e+02
1.96921e+01 7.93806e-01 2.39303e+06 3.05434e+02
#Trial no.[37]
2.20066e+01 4.99027e-01 2.19742e+06 3.00022e+02
1.96848e+01 8.08413e-01 2.41802e+06 3.05420e+02
#Trial no.[38]
2.27572e+01 6.42359e-01 2.07366e+06 2.91918e+02
1.95704e+01 8.70443e-01 2.52755e+06 3.05362e+02
#Trial no.[39]
1.41892e+01 5.36674e-01 2.33544e+06 2.96358e+02
1.96975e+01 8.05322e-01 2.40928e+06 3.05427e+02
