#Trial no.[20]
2.41396e+01 5.93472e-01 2.14099e+06 2.90308e+02
1.94753e+01 9.23463e-01 2.62042e+06 3.05321e+02
#Trial no.[21]
2.40789e+01 6.25909e-01 2.05716e+06 2.97476e+02
1.96656e+01 8.18264e-01 2.43246e+06 3.05406e+02
#Trial no.[22]
1.17366e+01 7.84716e-01 2.09787e+06 3.00954e+02
1.96096e+01 7.87993e-01 2.38647e+06 3.05393e+02
#Trial no.[23]
8.99517e+00 6.59074e-01 2.26128e+06 2.98042e+02
1.98575e+01 8.00189e-01 2.38356e+06 3.05488e+02
#Trial no.[24]
2.07966e+01 7.13076e-01 2.12802e+06 2.90265e+02
1.95375e+01 8.87576e-01 2.55801e+06 3.05347e+02
#Trial no.[25]
1.17381e+01 5.77277e-01 2.12822e+06 2.91172e+02
1.96560e+01 8.18792e-01 2.43424e+06 3.05404e+02
#Trial no.[26]
1.42797e+01 6.26532e-01 2.08713e+06 3.01153e+02
1.98199e+01 7.96394e-01 2.37642e+06 3.05467e+02
#Trial no.[27]
1.58993e+01 6.68393e-01 2.22843e+06 3.00633e+02
1.98229e+01 7.91265e-01 2.37608e+06 3.05483e+02
#Trial no.[28]
2.42956e+01 6.23067e-01 2.48735e+06 2.90661e+02
1.94450e+01 9.38482e-01 2.64473e+06 3.05305e+02
#Trial no.[29]
1.10332e+01 5.52987e-01 2.24838e+06 2.91519e+02
1.96637e+01 8.13926e-01 2.42543e+06 3.05408e+02
