#Trial no.[10]
2.07652e+01 6.57290e-01 2.34922e+06 3.00858e+02
1.97056e+01 7.94115e-01 2.39262e+06 3.05434e+02
#Trial no.[11]
1.06347e+01 5.20641e-01 2.05617e+06 2.93142e+02
1.96937e+01 8.02184e-01 2.40599e+06 3.05425e+02
#Trial no.[12]
2.02422e+01 6.84848e-01 2.10191e+06 3.00068e+02
1.96079e+01 7.93266e-01 2.39595e+06 3.05405e+02
#Trial no.[13]
1.56273e+01 7.37362e-01 2.30793e+06 3.02741e+02
1.96030e+01 7.88783e-01 2.38706e+06 3.05386e+02
#Trial no.[14]
1.02106e+01 7.71711e-01 2.34825e+06 3.02156e+02
1.98247e+01 8.04347e-01 2.39117e+06 3.05461e+02
#Trial no.[15]
2.50961e+01 6.50179e-01 2.03260e+06 2.92434e+02
1.95799e+01 8.63816e-01 2.51665e+06 3.05368e+02
#Trial no.[16]
6.67063e+00 4.70408e-01 2.44009e+06 2.97717e+02
1.96550e+01 8.03306e-01 2.40637e+06 3.05403e+02
#Trial no.[17]
1.59583e+01 6.98452e-01 2.13556e+06 2.92650e+02
1.96526e+01 8.13539e-01 2.42567e+06 3.05402e+02
#Trial no.[18]
1.91718e+01 6.96695e-01 2.42897e+06 2.90067e+02
1.94917e+01 9.05245e-01 2.59185e+06 3.05332e+02
#Trial no.[19]
9.60582e+00 5.06286e-01 2.30233e+06 2.92757e+02
1.96703e+01 8.00751e-01 2.40340e+06 3.05410e+02
