#Trial no.[40]
1.58665e+01 5.21725e-01 2.06102e+06 2.92726e+02
1.96240e+01 8.35884e-01 2.46568e+06 3.05390e+02
#Trial no.[41]
2.68931e+01 6.94665e-01 2.46087e+06 2.97323e+02
1.96652e+01 8.11240e-01 2.42223e+06 3.05411e+02
#Trial no.[42]
1.78424e+01 5.97323e-01 2.28137e+06 2.96454e+02
1.96743e+01 8.15226e-01 2.42630e+06 3.05412e+02
#Trial no.[43]
2.70493e+01 7.68236e-01 2.11897e+06 2.91225e+02
1.95544e+01 8.77266e-01 2.54069e+06 3.05355e+02
#Trial no.[44]
1.43654e+01 6.39672e-01 2.34031e+06 2.90867e+02
1.96058e+01 8.48752e-01 2.48843e+06 3.05379e+02
#Trial no.[45]
3.03480e+01 5.79640e-01 2.17903e+06 2.95537e+02
1.96333e+01 8.29142e-01 2.45274e+06 3.05395e+02
#Trial no.[46]
1.53138e+01 7.82789e-01 2.28121e+06 3.00476e+02
1.96914e+01 7.87583e-01 2.37479e+06 3.05439e+02
#Trial no.[47]
9.82227e+00 5.65069e-01 2.07328e+06 2.98412e+02
1.98853e+01 8.01497e-01 2.39450e+06 3.05480e+02
#Trial no.[48]
1.83510e+01 6.35264e-01 2.16952e+06 2.99846e+02
1.96566e+01 7.97634e-01 2.40081e+06 3.05433e+02
#Trial no.[49]
6.44561e+00 6.37274e-01 2.04327e+06 2.95395e+02
1.96368e+01 8.20033e-01 2.43444e+06 3.05389e+02
